EigenVal1	EigenVal2	EigenVal3	EigenVec1X	EigenVec1Y	EigenVec1Z	EigenVec2X	EigenVec2Y	EigenVec2Z	EigenVec3X	EigenVec3Y	EigenVec3Z
0.008367	0.00740382	0.00650701	0.637364	0.546867	0.542866	-0.762386	0.549896	0.341148	-0.111957	-0.631309	0.767408
0.0195611	0.00457474	0.00371533	0.704385	-0.37593	-0.602095	0.456115	-0.41022	0.789734	0.543876	0.830901	0.117486
0.00969817	0.00422842	0.00329448	0.362896	0.532723	0.764534	0.919054	-0.0692244	-0.388005	0.153775	-0.843454	0.514722
0.191538	0.116862	0.017879	0.142553	0.95888	-0.245412	0.824954	0.0219039	0.564776	-0.546928	0.282964	0.787909
0.0590428	0.0176638	0.00806538	0.0476513	-0.335727	0.940753	0.899681	-0.394734	-0.186439	0.43394	0.855262	0.283237
0.0269046	0.0075745	0.00498414	-0.167295	-0.448119	0.878181	0.985498	-0.101672	0.135858	0.0284057	0.888173	0.45863
0.0670252	0.00475684	0.00276224	0.630362	0.768785	-0.107766	0.450254	-0.248984	0.857483	0.632388	-0.589047	-0.503099
0.00700884	0.00509942	0.00315903	-0.580822	-0.0182334	0.813826	0.664719	-0.587715	0.461237	0.469888	0.808862	0.353478
0.00909259	0.00636221	0.00195874	0.0356583	0.135168	0.990181	0.140181	0.980339	-0.138873	0.989484	-0.143756	-0.0160092
0.17377	0.060865	0.0116388	0.192994	0.940858	-0.278459	0.640359	0.0942496	0.762271	0.743433	-0.325428	-0.584298
0.0237839	0.0140101	0.0053105	-0.0590664	-0.542891	0.837723	0.341237	0.777655	0.528024	0.93812	-0.31705	-0.139321
0.016582	0.00557515	0.0035576	0.12556	0.991771	0.0250102	0.991405	-0.126368	0.0338782	-0.0367599	-0.0205415	0.999113
0.245148	0.206202	0.0719027	0.745993	0.231963	0.62425	-0.361382	-0.646352	0.672036	-0.559372	0.726927	0.398347
0.0139557	0.00901686	0.00437439	0.87062	0.18675	0.455131	0.113057	0.824435	-0.55455	-0.478788	0.534258	0.696656
0.0506016	0.011763	0.00548721	0.783381	-0.135785	-0.606529	0.312303	-0.757721	0.572997	0.537384	0.638296	0.551178
0.0100409	0.00447947	0.00291115	0.646058	-0.622367	0.441892	-0.518551	0.0669448	0.852422	0.560101	0.779858	0.279479
0.00815573	0.00568321	0.0033656	0.832811	-0.287321	0.473152	0.492405	0.77503	-0.396062	-0.25291	0.562827	0.786932
0.0157297	0.0116955	0.00399082	0.637833	-0.305053	0.707186	-0.722304	0.0817409	0.686728	0.267294	0.948821	0.168204
0.0445229	0.0183003	0.00705698	0.533195	0.834075	0.1415	-0.557143	0.220332	0.800653	0.636628	-0.505741	0.582178
0.0178167	0.00804748	0.00320075	0.459653	0.0675374	0.885527	-0.312852	0.945502	0.0902815	0.831169	0.318537	-0.455732
0.0201308	0.00717568	0.00457086	0.820508	-0.561119	0.109143	0.521454	0.656483	-0.545083	0.234206	0.504158	0.831247
0.0113653	0.00834767	0.00489095	0.677739	-0.524909	0.514918	-0.68621	-0.199929	0.699388	0.264168	0.827345	0.495698
0.0101325	0.00441414	0.00239515	-0.163614	-0.668266	0.725708	-0.670163	0.615121	0.415341	0.723956	0.418387	0.548489
0.00534522	0.00379151	0.00277832	0.676806	0.039545	0.735098	0.575869	0.593613	-0.562137	-0.458594	0.803779	0.378988
0.0151048	0.00985323	0.00412196	0.687356	0.360651	0.630454	-0.230932	0.931485	-0.281081	0.688631	-0.0476105	-0.723548
0.159497	0.0375151	0.0284322	-0.591613	-0.237331	0.770499	-0.500128	0.857618	-0.119848	0.63235	0.456252	0.626074
0.196139	0.0643004	0.027928	-0.330348	-0.00504373	0.943846	0.842369	-0.45267	0.292412	0.425776	0.891664	0.153788
0.0313641	0.0189795	0.0145742	0.468493	0.846119	-0.25416	0.785763	-0.530571	-0.317917	0.403845	0.050768	0.913417
0.00926034	0.00744861	0.00506414	0.863407	0.210672	-0.458417	-0.207264	0.97654	0.0584104	0.459968	0.0445812	0.886816
0.00815535	0.00385101	0.00179421	0.912705	-0.408151	-0.0195654	0.403499	0.90779	-0.114479	0.0644858	0.0965905	0.993233
0.0312077	0.00506039	0.000925091	-0.094668	0.773384	0.626829	0.812045	0.424225	-0.40077	0.575866	-0.471073	0.668183
0.0265498	0.0118206	0.0090118	0.688257	0.302984	-0.659169	-0.0675816	0.931439	0.357567	0.722312	-0.201551	0.661545
0.0148702	0.0073924	0.00571779	0.698673	0.67127	0.247494	-0.422576	0.108052	0.899863	-0.577309	0.733295	-0.359156
0.0118406	0.00270129	0.00215069	0.10729	0.74406	-0.659442	-0.0376335	0.665835	0.74515	0.993515	-0.0551302	0.0994392
0.0129558	0.00960095	0.00426649	0.825424	0.396045	0.402273	-0.0260511	-0.685118	0.727966	-0.563912	0.61136	0.555195
0.0355912	0.00840064	0.0046363	0.351392	0.909656	-0.221471	0.350057	0.0917425	0.932225	0.868323	-0.405104	-0.286194
0.009722	0.00794466	0.00195171	0.80449	0.462065	-0.373219	0.452479	-0.883817	-0.118875	0.384785	0.0732396	0.920096
0.00919667	0.00428772	0.00184877	-0.588198	0.78023	-0.212753	-0.617627	-0.263561	0.740994	0.522072	0.567253	0.636918
0.0188575	0.0102007	0.00501044	0.897051	0.299213	-0.325225	-0.398891	0.864989	-0.304434	0.190225	0.402822	0.895292
0.0106324	0.00823844	0.00497021	-0.328752	0.944416	0	0.846932	0.294818	-0.442479	0.417885	0.145466	0.896779
0.0430864	0.0138394	0.00578355	-0.491746	0.647751	-0.581897	0.865642	0.435876	-0.246326	-0.0940776	0.624844	0.775061
0.0370039	0.0288232	0.00613628	-0.0924091	-0.407478	0.908527	-0.544266	0.784732	0.296597	0.833808	0.467072	0.294293
0.0553808	0.0046892	0.00373414	0.562569	0.625327	0.540815	0.697616	-0.710095	0.0953825	-0.443676	-0.323622	0.835716
0.0764911	0.0183714	0.00937398	0.963894	-0.0290197	0.264701	0.0780971	0.98114	-0.176822	-0.254577	0.19111	0.947981
0.0269049	0.00299324	0.000755964	0.00141309	0.706774	0.707438	0.998241	0.0409362	-0.0428918	-0.0592746	0.706254	-0.705473
0.0490993	0.0391389	0.0110238	0.0306424	-0.703754	0.709783	0.748916	0.486452	0.449988	0.661956	-0.517779	-0.541959
0.057497	0.00944529	0.00173987	0.877824	0.3823	0.288568	-0.464812	0.534442	0.705919	-0.11565	0.753802	-0.646844
0.101422	0.033307	0.00819836	0.656193	-0.362422	0.661862	0.630646	0.745034	-0.217279	-0.414363	0.559977	0.717446
0.0200508	0.00593057	0.00409013	0.786385	0.61637	0.0410615	-0.296494	0.318291	0.900434	-0.541932	0.720263	-0.433049
0.0293399	0.0186213	0.010566	-0.223509	0.147152	0.96353	0.78343	-0.561008	0.267409	0.579898	0.814626	0.0101077
0.0675056	0.0112589	0.00529387	-0.254933	0.673926	0.693421	0.877203	0.46291	-0.127397	0.406848	-0.575793	0.709181
0.0364975	0.0064954	0.00521644	-0.597535	-0.356325	0.718321	0.759643	0.0352306	0.649385	-0.256699	0.933698	0.249628
0.0178572	0.0112312	0.00487256	0.915686	-0.324483	-0.237129	0.173473	-0.213119	0.961503	0.362528	0.92157	0.138861
0.0121146	0.00567053	0.00284123	0.889191	-0.118234	0.441995	-0.433407	-0.527233	0.730878	-0.14662	0.841455	0.520055
0.0479383	0.0166573	0.00321342	0.765323	-0.64356	-0.0105818	0.63506	0.757687	-0.150363	0.104786	0.108356	0.988574
0.101707	0.0228537	0.019438	0.606359	-0.423158	-0.67325	0.534959	-0.409343	0.739092	0.588343	0.808317	0.0218363
0.00891504	0.00586287	0.00277773	0.767649	-0.551447	0.32653	0.623495	0.760465	-0.181513	-0.14822	0.342928	0.927594
0.0271984	0.0116774	0.00821594	0.874196	-0.290554	-0.38905	0.215316	-0.486185	0.846914	0.435224	0.824138	0.36246
0.0161088	0.00774557	0.00335383	-0.36218	-0.557099	0.747306	-0.549114	0.775369	0.311892	0.753193	0.297395	0.586734
0.0923908	0.0290917	0.00137632	0.219062	0.752684	0.620869	-0.845431	-0.171239	0.505889	0.487092	-0.635723	0.59883
0.0148332	0.00428762	0.00179423	0.46106	0.636025	-0.618786	0.78175	0.0388174	0.622383	0.419871	-0.770691	-0.479315
0.0505197	0.0192547	0.00462547	0.706952	0.526881	0.471822	-0.300624	0.827701	-0.473853	-0.640191	0.19315	0.743538
0.00741861	0.00526289	0.00328705	0.949345	-0.305713	0.0726896	0.302755	0.827897	-0.472151	0.0841631	0.470241	0.878516
0.0114263	0.00824934	0.00537025	-0.673474	0.733071	-0.0950757	-0.119714	0.0187584	0.992631	0.729453	0.679893	0.0751253
0.00795554	0.00459258	0.00200793	0.918367	-0.160296	0.361812	0.247395	0.946157	-0.208767	-0.308866	0.281235	0.908575
0.00774431	0.00543277	0.00377848	0.00187077	0.883863	-0.467742	0.816209	0.268891	0.511371	0.577754	-0.382731	-0.720914
0.00699704	0.00476405	0.00209183	0.818328	0.572114	-0.0549982	0.327473	-0.385475	0.862653	-0.472335	0.723944	0.502797
0.0728624	0.0230485	0.00683801	0.631362	0.174107	0.755691	-0.352975	0.932195	0.0801303	0.6905	0.317332	-0.650008
0.0095115	0.00527412	0.00116882	0.856386	-0.383525	0.345705	0.505633	0.758537	-0.411043	-0.104585	0.526812	0.843523
0.0328265	0.0150188	0.00432822	0.0907953	-0.414165	0.905662	0.839851	0.520556	0.153856	-0.53517	0.746652	0.395101
0.0369122	0.0100941	0.00466958	0.826086	-0.336786	-0.451837	-0.00699676	0.795587	-0.605799	0.5635	0.503604	0.654867
0.0874337	0.0122531	0.00547621	0.965688	0.259218	-0.0158704	0.152074	-0.514882	0.843664	-0.210522	0.81713	0.536636
0.636654	0.484964	0.331486	0.981453	-0.0149991	-0.191115	0.1917	0.0823277	0.977995	-0.00106507	0.996492	-0.0836761
0.0834593	0.00960422	0.00133219	-0.187338	0.568572	0.801018	0.930965	0.362924	-0.0398781	-0.313382	0.73825	-0.59731
0.0126462	0.00918225	0.00722312	0.762035	0.293364	0.57727	-0.278319	-0.656553	0.701054	-0.584673	0.694893	0.418667
0.0173711	0.00367972	0.0028597	0.651702	0.679998	-0.335987	-0.136561	0.540934	0.829905	0.74608	-0.494968	0.445389
0.0062185	0.00431445	0.00336891	0.109199	0.985878	-0.126962	0.987451	-0.122249	-0.0999802	0.114089	0.114451	0.986856
0.0160348	0.0124979	0.00454465	0.397863	-0.424398	0.813382	0.328598	0.893676	0.30556	0.856579	-0.145705	-0.495017
0.0186272	0.0100942	0.00495584	-0.567064	0.522142	-0.63703	0.487353	0.836186	0.251554	0.664022	-0.167812	-0.728638
0.478587	0.0896258	0.0370682	0.0337331	0.252497	0.96701	0.989721	0.126104	-0.0674526	-0.138976	0.959345	-0.245647
0.217089	0.0491498	0.0196739	-0.232291	0.91583	-0.327561	0.652319	0.396494	0.645966	0.721471	-0.0636221	-0.689516
0.00976597	0.00563468	0.00156078	-0.0131709	0.812485	0.582834	0.998585	-0.0193417	0.0495289	-0.0515145	-0.582662	0.811081
0.0512688	0.0177448	0.0102572	-0.0934387	0.757552	-0.646053	0.563547	0.575181	0.592943	0.820782	-0.308678	-0.48066
0.00810144	0.00650937	0.00476468	0.72412	-0.688101	0.0465523	-0.299126	-0.252529	0.920192	0.621429	0.680254	0.38869
0.0218639	0.0169484	0.0079759	0.69956	-0.309851	0.6439	-0.714549	-0.31077	0.626771	-0.00589935	0.898562	0.438806
0.0185103	0.00832788	0.00599117	-0.215869	0.971743	-0.0954779	-0.336728	0.0176974	0.941436	0.916523	0.235377	0.323392
0.0116714	0.00693663	0.00477019	-0.0473865	-0.528946	0.847331	0.897371	0.350039	0.268697	0.438726	-0.773103	-0.458074
0.0166896	0.00686506	0.00418394	0.874717	0.457237	0.160638	-0.47262	0.731465	0.491518	0.107239	-0.50586	0.855924
0.0299734	0.0136375	0.00460413	-0.580342	-0.106483	0.807382	0.475786	-0.848949	0.230027	0.660932	0.517636	0.543344
0.082232	0.0314508	0.0283732	0.263343	-0.471748	0.841489	0.961658	0.197616	-0.190164	-0.0765819	0.859303	0.505701
0.0185604	0.0101335	0.00673444	0.720352	-0.208716	-0.661461	0.240601	0.969629	-0.0439317	0.650541	-0.127502	0.748692
0.00773457	0.00617637	0.00431939	-0.35715	0.719658	-0.595429	0.722712	0.616753	0.311935	-0.591719	0.318916	0.740379
0.0158316	0.00564763	0.00282163	0.561367	0.518839	-0.644727	-0.788293	0.572394	-0.225741	0.251914	0.634957	0.730321
0.0137186	0.00447643	0.00316535	0.839461	0.284419	-0.463046	-0.0610259	0.896046	0.439747	0.539983	-0.340892	0.769552
0.00869838	0.00495246	0.00232735	-0.140812	0.969937	-0.198481	0.931951	0.0621999	-0.357211	0.334126	0.235273	0.912692
0.0780989	0.0261701	0.0141007	0.821935	-0.220747	0.525066	-0.527545	0.052534	0.847901	0.214755	0.973915	0.0732743
0.0851171	0.0712166	0.0327807	-0.578531	0.1766	0.796313	0.802105	0.300426	0.516113	-0.148087	0.937313	-0.315458
0.0181549	0.00964012	0.00390274	0.932536	0.304319	0.194335	-0.301218	0.952443	-0.0460531	-0.199107	-0.0155909	0.979854
0.0386023	0.00316056	0.0018832	0.893004	0.10181	0.438381	-0.365069	0.733511	0.573312	-0.263189	-0.67201	0.692196
0.0379113	0.0117438	0.00801667	-0.147599	0.988965	0.0127804	-0.406264	-0.0724045	0.910882	0.901756	0.129253	0.412468
0.00546325	0.0051757	0.00301614	-0.524631	0.433821	0.732504	0.637257	0.770652	0	0.564505	-0.466793	0.680763
0.00488681	0.00403817	0.00333752	0.678165	0.396176	0.61898	-0.442088	0.892739	-0.0870361	-0.587069	-0.214619	0.780569
0.20061	0.0280141	0.0178799	-0.28649	0.874036	-0.392408	0.293652	0.46997	0.832404	0.911972	0.123244	-0.391304
0.00732204	0.00409602	0.00317113	0.962043	0.271057	-0.0316416	-0.140419	0.5911	0.794281	-0.233999	0.75969	-0.606726
0.0165341	0.00836054	0.00225279	0.821863	-0.120419	0.556813	-0.354759	0.656577	0.665622	0.445744	0.744585	-0.496896
0.0296159	0.00775475	0.00229233	-0.528814	0.559264	-0.638419	0.756976	0.650973	-0.0567553	-0.383852	0.513281	0.767594
0.0414494	0.0221548	0.0119354	-0.56429	0.805559	-0.180698	0.824679	0.539809	-0.168849	0.0384752	0.244298	0.968937
0.0322586	0.0258722	0.0155288	0.849895	0.524619	-0.0495419	0.231666	-0.287544	0.929327	-0.473297	0.801308	0.365918
0.00925457	0.00691038	0.00447565	-0.165287	-0.318829	0.933289	-0.303359	0.916863	0.259492	0.938432	0.240231	0.248265
0.0379679	0.0243241	0.0073085	-0.163256	0.963068	0.214119	0.148285	-0.190613	0.970401	0.975376	0.190174	-0.11169
0.0469078	0.0155641	0.00710715	0.771195	-0.394693	0.499475	0.353245	0.918044	0.180038	-0.5296	0.0375921	0.847414
0.0143224	0.0101154	0.00646407	0.305178	-0.509366	0.804619	0.366287	0.842711	0.394553	0.879034	-0.174312	-0.443751
0.00728792	0.00500236	0.00262936	-0.431419	0.890291	0.145805	-0.277148	-0.284597	0.917711	0.858526	0.355508	0.369523
0.0409194	0.0201524	0.0157977	0.148277	0.422321	0.894237	0.608032	0.674202	-0.419225	0.779943	-0.605885	0.156816
0.185092	0.0685209	0.0223847	0.540725	0.81011	-0.226581	0.521575	-0.111551	0.845882	0.659982	-0.575568	-0.482851
0.0150634	0.00910734	0.00711214	-0.0071196	0.999372	0.0346993	0.0460632	-0.0343355	0.998348	0.998913	0.0087062	-0.0457899
0.0197714	0.00856638	0.00103251	0.796704	-0.0913948	-0.597419	0.349541	0.876083	0.332114	0.493035	-0.473419	0.729925
0.0284884	0.0180029	0.010786	0.461382	-0.162263	0.872237	0.763542	0.573284	-0.297237	-0.451809	0.803129	0.388397
0.00666874	0.00489211	0.00333502	0.949795	0.119511	-0.289147	-0.139608	0.988952	-0.0498289	0.279998	0.0876943	0.955987
0.013581	0.00443117	0.00191445	0.945814	0.22535	0.233782	-0.297418	0.890147	0.345226	-0.130303	-0.39605	0.908936
0.00711308	0.00312803	0.00269474	0	0.787598	0.61619	0	-0.61619	0.787598	1	0	0
0.0791933	0.0376133	0.00528725	0.208492	0.697695	-0.685385	0.094766	0.683076	0.724173	0.973422	-0.215935	0.0762982
0.0220963	0.0130351	0.00897403	0.340813	0.866301	-0.365198	0.825188	-0.0895271	0.557718	0.450457	-0.491434	-0.745373
0.00935922	0.00389183	0.00157749	-0.328125	0.711872	-0.620945	0.932189	0.350368	-0.0909214	-0.152835	0.608672	0.778563
0.0375418	0.0119815	0.00630014	0.760695	0.646929	0.053161	-0.603819	0.735297	-0.307802	-0.238215	0.202043	0.949964
0.409968	0.0783243	0.0346476	-0.546799	0.787003	-0.285723	-0.383141	0.0682296	0.921167	0.744455	0.613165	0.264225
0.00842123	0.00570139	0.00449558	-0.621233	0.549686	-0.558494	0.000104225	0.712763	0.701405	0.783626	0.435677	-0.442849
0.00935481	0.00534985	0.00427275	0.121179	0.840876	-0.527487	-0.650095	0.46881	0.597991	0.750128	0.270453	0.60346
0.0135362	0.00605685	0.00342062	0.939964	-0.340868	0.0166385	0.275349	0.728682	-0.627061	0.201621	0.593996	0.778793
0.0224435	0.0185268	0.00462098	0.913717	0.300007	-0.274074	-0.399295	0.788022	-0.468598	0.0753939	0.537603	0.839821
0.0202095	0.00440946	0.00188013	-0.549472	0.121523	0.826627	0.703681	0.600718	0.379435	-0.45046	0.790171	-0.415591
0.00916877	0.00380702	0.00291142	0.107633	0.0325773	0.993657	0.752468	0.650551	-0.102836	-0.649774	0.758764	0.0455076
0.00931978	0.00825716	0.00471894	0.766941	-0.247858	0.591918	0.0207203	0.931481	0.363199	-0.641383	-0.266288	0.719527
0.106038	0.0321718	0.0136972	-0.355393	0.925441	-0.13136	0.932507	0.341377	-0.117864	0.0642325	0.164382	0.984303
0.0716231	0.0132859	0.00588431	-0.150296	0.66634	0.730344	-0.712519	0.439115	-0.547261	0.685367	0.602635	-0.408783
0.0630307	0.0431599	0.00818334	-0.0344597	0.59261	0.804752	0.415675	0.740775	-0.527699	0.90886	-0.316331	0.27186
0.00773657	0.0032881	0.00268115	0.853329	0.521373	0	-0.265962	0.4353	0.860104	-0.448434	0.733952	-0.510119
0.00722434	0.00435596	0.00289133	-0.130138	0.809373	0.572695	0.981967	0.0253242	0.18735	0.137133	0.586749	-0.798073
0.0112769	0.0072431	0.00438406	0.949824	0.262021	0.170819	-0.312721	0.784498	0.535508	0.00630671	-0.562057	0.827074
0.0479781	0.0284487	0.0125288	-0.168004	0.95465	-0.245802	-0.387033	0.165447	0.907101	0.906631	0.24753	0.341685
0.00680474	0.00478484	0.00186151	0.847508	-0.530782	0	0.392494	0.626701	-0.673197	0.357321	0.57054	0.739463
0.0431956	0.0280391	0.00616213	-0.492958	0.848584	-0.192088	0.839901	0.406514	-0.359599	0.227064	0.338603	0.913121
0.0146775	0.00741288	0.00205747	0.676898	-0.622275	0.393171	0.676779	0.736186	0	-0.289447	0.26609	0.919465
0.0377568	0.026913	0.0115007	-0.387855	0.767084	-0.511029	0.919991	0.356127	-0.163676	-0.056438	0.533624	0.843836
0.0130697	0.00365306	0.00161903	0.803451	-0.588018	0.0932783	0.522074	0.771148	0.364376	-0.286191	-0.24406	0.926568
0.0330128	0.00966107	0.00522286	0.940618	0.096428	0.325484	-0.241493	0.863924	0.441947	-0.238577	-0.494305	0.835909
0.0256824	0.011523	0.00361082	-0.487367	0.820468	-0.29884	-0.667699	-0.129618	0.73306	0.562717	0.556805	0.610997
0.0140325	0.00685864	0.00279309	0.704938	-0.478175	0.523843	-0.0266089	0.720217	0.693238	0.70877	0.502629	-0.494985
0.00963581	0.00767635	0.002827	0.0417233	-0.612049	0.789719	0.986956	0.148257	0.0627582	-0.155492	0.776799	0.61025
0.0166204	0.00261866	0.00117892	-0.325757	0.748118	-0.578102	-0.0981956	0.581376	0.807688	0.94034	0.319877	-0.115925
0.0566728	0.00401813	0.000941828	-0.182212	0.626575	0.757761	0.879648	0.448224	-0.159104	-0.439337	0.637573	-0.632838
0.0128588	0.00392863	0.00225671	-0.419906	0.69021	-0.589312	-0.648098	0.226515	0.72709	0.635333	0.687241	0.352209
0.0325549	0.00813221	0.000871172	0.0405101	0.838404	0.543541	-0.920175	-0.180701	0.34731	0.389405	-0.514223	0.764159
0.0288136	0.0150476	0.00793693	0.875316	-0.478545	0.069405	-0.100964	-0.0405034	0.994065	0.472894	0.877128	0.0837693
0.0055241	0.00398804	0.00239533	0.776367	0.623726	-0.0906599	-0.320167	0.514174	0.795687	-0.542906	0.588719	-0.598885
0.011293	0.00996617	0.00270802	-0.260912	0.850087	-0.457467	0.964016	0.20442	-0.169954	0.0509605	0.485349	0.872834
0.0202455	0.0179478	0.0069722	-0.216109	-0.560135	0.799716	-0.293996	0.818389	0.493767	0.931055	0.128406	0.341538
0.0422544	0.0108056	0.00633688	0.851059	0.010525	-0.524965	0.379563	-0.703166	0.601239	0.36281	0.710948	0.602431
0.0316506	0.0102004	0.00340808	0.761665	-0.625258	-0.170056	0.520404	0.433906	0.735463	0.386065	0.648674	-0.655878
0.0111344	0.00997663	0.00313749	0.726653	0.330981	0.602019	-0.684704	0.277253	0.674026	-0.0561779	0.901988	-0.428091
0.036121	0.0313717	0.0106167	0.268556	-0.236562	0.933765	0.8448	0.523586	-0.110322	-0.462808	0.818472	0.340459
0.0334978	0.0236926	0.0122852	0.666375	0.694201	0.272083	-0.585276	0.260924	0.767705	-0.461949	0.670823	-0.580172
0.00581656	0.00463979	0.00238368	-0.367641	0.927603	0.0662687	0.894754	0.372245	-0.246676	0.253485	0.0313939	0.96683
0.0132124	0.00893486	0.00479165	0.807022	-0.344447	-0.479658	0.0374721	-0.780754	0.623714	0.589331	0.521324	0.617179
0.00751219	0.00545835	0.00279482	0.29776	0.945083	0.134748	0.315799	-0.230717	0.920348	0.900894	-0.231489	-0.367154
0.0170374	0.00921198	0.00377219	-0.538002	0.725182	-0.429728	0.690009	0.671697	0.269651	-0.484193	0.151443	0.861755
0.0170563	0.00837583	0.00259872	0.236314	-0.479272	0.845254	-0.3738	0.758108	0.534365	0.8969	0.442233	0
0.0372713	0.0120797	0.00709274	0.619309	0.500028	-0.605333	0.632826	0.138464	0.761813	-0.464744	0.854869	0.230679
0.0146703	0.00533077	0.00212507	-0.0618166	-0.212402	0.975225	-0.178847	0.963636	0.198541	0.981933	0.162143	0.0975563
0.00655244	0.0046611	0.00406287	-0.487556	0.872664	-0.0273279	0.871482	0.488318	0.0454443	-0.0530024	0.00165916	0.998593
0.0475275	0.0115975	0.00861304	-0.549804	0.583178	0.598012	0.46059	0.808916	-0.365391	0.69683	-0.0745454	0.713352
0.0166465	0.0144019	0.00561586	-0.107526	0.973717	0.200782	0.385674	-0.145286	0.911124	0.916348	0.175406	-0.359915
0.0343211	0.0278424	0.0105081	0.411331	-0.0458935	0.91033	0.498739	0.847291	-0.182639	0.762932	-0.529142	-0.371406
0.0233745	0.0128947	0.00557644	0.153527	0.764296	-0.626323	0.981807	-0.0463143	0.184147	0.111736	-0.6432	-0.757502
0.023405	0.00875764	0.00371397	0.227609	-0.340613	0.912237	-0.187078	0.904078	0.384244	0.955613	0.258117	-0.142055
0.0115332	0.00793676	0.00394039	0.62731	-0.727265	0.27851	-0.550956	-0.161699	0.818719	0.550391	0.667037	0.502127
0.0511368	0.0117204	0.00603964	-0.141564	0.739186	-0.658456	0.666171	0.563143	0.488964	0.73224	-0.369425	-0.572145
0.0602619	0.0121709	0.00919642	0.0160692	0.919385	-0.393031	-0.776353	0.259183	0.574544	0.630094	0.295898	0.717932
0.0433245	0.0108466	0.00284684	-0.367417	-0.535343	0.760535	0.843941	-0.535555	0.0307324	0.390855	0.653138	0.64857
0.0522261	0.00630303	0.00490051	0.0587531	0.949216	0.309089	-0.191395	-0.293169	0.936707	0.979753	-0.114193	0.164451
0.0240166	0.00976085	0.00562549	0.0650103	0.294767	0.953355	0.52395	0.803004	-0.284008	0.849265	-0.517974	0.102239
0.0108327	0.00637045	0.00510772	0.417346	0.908569	0.0180308	0.542628	-0.265071	0.797052	0.728956	-0.322863	-0.603641
0.00631826	0.00402013	0.00355388	-0.149724	0.87673	-0.457086	0.141112	0.476513	0.867769	0.978606	0.0654252	-0.195063
0.0275541	0.00854792	0.00801969	0.0408377	0.924669	-0.378576	0.868585	0.15442	0.470866	-0.493855	0.348054	0.796848
0.0152854	0.00302009	0.00209868	-0.263855	-0.495649	0.827473	0.964212	-0.158653	0.212425	0.0259925	0.853909	0.519773
0.0381043	0.0113965	0.00596243	-0.123475	0.852376	-0.508143	-0.868574	0.154818	0.470754	0.47993	0.499486	0.721236
0.0219158	0.00525869	0.003426	-0.193026	0.981109	0.0128624	0.539034	0.0950791	0.8369	0.819868	0.168477	-0.547204
0.087792	0.0263315	0.00810808	0.547429	0.721228	-0.424442	0.663261	-0.0646509	0.74559	0.5103	-0.689674	-0.513755
0.0145066	0.00652896	0.00333839	0.634526	0.535051	-0.557761	-0.712357	0.684837	-0.153447	0.299874	0.494691	0.815694
0.0602502	0.0162704	0.00421716	0.0322485	-0.251053	0.967436	0.198798	0.950211	0.239956	0.97951	-0.184586	-0.0805518
0.0207752	0.0189822	0.00394822	0.739798	-0.174161	0.649897	0.315033	0.943158	-0.105862	-0.594519	0.283055	0.752613
0.0372263	0.0186632	0.00298252	0.391178	0.909107	-0.143193	0.642399	-0.15831	0.749841	0.659017	-0.385308	-0.645937
0.0460894	0.0129967	0.00530366	-0.54334	0.741656	0.393355	-0.308579	-0.612187	0.728015	0.780744	0.274179	0.561485
0.0322065	0.0172559	0.00788152	-0.277889	0.727204	-0.627657	-0.499547	0.448696	0.741029	0.820506	0.519468	0.238585
0.0263101	0.0200822	0.000705288	0.0408871	0.819034	0.572286	-0.964612	-0.116964	0.236311	0.260483	-0.561696	0.785268
0.017195	0.00713829	0.00430559	-0.306355	0.74192	-0.596407	0.760043	0.567868	0.316008	0.573133	-0.356484	-0.73786
0.00849125	0.00649733	0.00172367	0.159172	-0.600892	0.783322	-0.0666149	0.785092	0.615786	0.985001	0.150197	-0.0849367
0.0214985	0.00652089	0.00494358	0.710617	0.386145	-0.588147	-0.31948	0.92188	0.21925	0.626862	0.0320989	0.778469
0.0126246	0.00468607	0.00338484	0.930941	0.36517	0	-0.252577	0.643904	0.722214	-0.26373	0.672338	-0.69167
0.023485	0.00802696	0.00602082	-0.301821	0.769012	0.563493	0.887104	0.0100352	0.46146	0.349214	0.639156	-0.685222
0.0171031	0.0146952	0.00790317	-0.157156	0.221898	0.962322	0.602827	0.793385	-0.0844964	0.782242	-0.566835	0.258451
0.0102716	0.00492106	0.00231941	0.133523	0.764736	-0.630358	0.564711	0.463983	0.682511	0.814416	-0.447101	-0.369903
0.00685676	0.00648249	0.00285835	0.564732	0.776875	-0.278464	-0.82387	0.550384	-0.135335	0.0481242	0.305846	0.950864
0.00756643	0.0051156	0.00207514	-0.481274	0.87657	0	-0.40446	-0.222066	0.887186	0.777681	0.42698	0.461412
0.0309826	0.0130138	0.0019347	-0.0758475	0.685659	0.72396	0.970501	0.217404	-0.104225	-0.228855	0.694699	-0.681923
0.0402216	0.0124965	0.00482686	-0.310681	0.00162024	0.950513	0.886525	-0.360213	0.29038	0.342858	0.932869	0.110475
0.0152094	0.00984016	0.00230116	-0.310531	0.331341	0.890945	0.0582483	0.942153	-0.330083	0.948777	0.050605	0.311868
0.0184571	0.0105037	0.00476547	-0.396209	-0.622546	0.674874	-0.598789	0.73241	0.32408	0.696039	0.275704	0.662961
0.0175392	0.0123421	0.00619979	0.740927	-0.671585	0	0.670858	0.740125	-0.046525	0.0312455	0.0344717	0.998917
0.00643968	0.00385553	0.00196951	0.564191	0.328582	0.757445	0.785325	0.069617	-0.615158	-0.254861	0.941906	-0.218766
0.0335993	0.0255892	0.0110916	0.651187	-0.629662	0.423651	0.754486	0.597359	-0.271868	-0.0818869	0.496676	0.864064
0.00812332	0.00712166	0.00421381	0.347531	0.810352	-0.471754	0.634883	0.166885	0.75437	0.690034	-0.561675	-0.456481
0.0142776	0.0061243	0.00564525	-0.227688	0.881435	-0.413801	0.744397	0.431516	0.509575	-0.627719	0.192009	0.754388
0.0133335	0.0091243	0.00536557	0.0683156	0.97795	-0.197351	0.64192	0.108341	0.759079	0.763722	-0.178541	-0.620364
0.0492664	0.0182503	0.0052724	0.0807764	0.699917	0.709642	0.995795	-0.0875443	-0.0270036	0.0432248	0.708839	-0.704045
0.018205	0.0129747	0.00548273	-0.499721	0.808932	0.309692	0.609603	0.582445	-0.537719	0.615356	0.0799202	0.784187
0.0211762	0.00980333	0.00420877	0.813742	-0.492969	0.307905	-0.447907	-0.194263	0.87272	0.37041	0.848082	0.378884
0.0671641	0.0225306	0.013457	0.727905	0.373595	-0.574961	-0.164531	0.909198	0.382476	0.665645	-0.183807	0.723278
0.0975663	0.0291831	0.00602657	0.331634	0.672514	0.661622	0.179584	-0.733488	0.655549	0.926158	-0.0985859	-0.364022
0.0946726	0.0124081	0.00896267	0.903279	0.313812	-0.29259	-0.429033	0.653962	-0.623109	-0.00419648	0.688372	0.725346
0.0621591	0.0286532	0.0167251	0.739518	0.636437	-0.219228	-0.117746	0.442965	0.888773	-0.662758	0.631451	-0.402519
0.0244332	0.0087524	0.00342211	-0.383341	0.791125	0.476624	0.0892878	-0.481887	0.871672	0.919281	0.376704	0.114089
0.02257	0.00831943	0.00593344	-0.446365	0.693304	0.565763	0.505338	-0.326483	0.798775	0.738506	0.642447	-0.204623
0.0178063	0.00547021	0.00359208	0.237742	-0.649823	0.721948	-0.473589	0.57138	0.670253	0.848052	0.501254	0.171908
0.00747355	0.00519236	0.00198506	0.929021	-0.362979	0.0718811	-0.230063	-0.414462	0.880507	0.289814	0.834546	0.468552
0.0337666	0.0123208	0.00306071	0.731807	-0.568026	0.37657	-0.432205	0.0404015	0.90087	0.526931	0.822019	0.215938
0.0226135	0.018703	0.00393081	0.511946	0.732624	0.448524	0.393631	-0.664164	0.635563	0.763522	-0.148821	-0.628399
0.0216808	0.0120447	0.00836686	0.205036	-0.192651	0.959607	0.773536	-0.568804	-0.279472	0.599669	0.799592	0.0323974
0.012932	0.00765987	0.00242078	0.0714803	0.938935	-0.336589	0.251726	0.309548	0.916959	0.965155	-0.150273	-0.214228
0.0984081	0.0582911	0.0102661	0.817	0.325216	-0.476178	0.557899	-0.236997	0.79535	-0.145808	0.91546	0.375064
0.0115689	0.00901626	0.0014587	-0.21117	-0.740275	0.638279	-0.733085	0.551871	0.397523	0.646524	0.383968	0.659223
0.0516577	0.0175953	0.00303675	-0.209187	0.333419	0.919278	0.809829	0.585985	-0.028253	-0.548103	0.738548	-0.392593
0.0870489	0.00864661	0.0031687	-0.180666	0.501112	0.846313	0.848799	0.514152	-0.123239	-0.49689	0.696085	-0.518234
0.0540739	0.00982286	0.00443405	0.637324	0.62664	0.448486	0.469581	-0.777274	0.418734	0.610993	-0.0562687	-0.789634
0.031465	0.00448795	0.00282258	0.113482	-0.430601	0.89538	0.502674	0.802231	0.322095	0.856995	-0.413532	-0.307491
0.0120136	0.00308689	0.00146362	-0.356128	0.190564	0.914799	0.928822	-0.0349729	0.368872	0.102287	0.981052	-0.164545
0.0262782	0.0165769	0.00825932	0.727965	0.663759	-0.171729	0.0775299	0.169173	0.982532	-0.681216	0.728563	-0.0716911
0.0133096	0.00515931	0.0044998	0.204292	0.968704	-0.140988	-0.364571	0.208955	0.907428	0.90849	-0.13398	0.395849
0.0870603	0.0331253	0.0156207	0.779488	-0.509782	0.364034	0.622731	0.693572	-0.362165	-0.0678589	0.508999	0.858088
0.0188481	0.014247	0.00754206	0.880813	-0.101696	-0.462414	0.417696	-0.292956	0.860062	0.222932	0.950702	0.215562
0.0124827	0.00565438	0.00323555	0.600591	-0.148224	0.785697	0.758113	0.417832	-0.50068	-0.254077	0.896351	0.363317
0.0356638	0.011564	0.00420115	0.22399	0.967387	0.11828	0.858329	-0.138325	-0.494103	0.461628	-0.212197	0.86132
0.0154741	0.00392603	0.00306498	0.710412	-0.211959	0.671109	-0.504484	0.511524	0.695585	0.490724	0.832716	-0.256463
0.00771189	0.00363005	0.00156418	0.254937	0.942168	0.217547	-0.742767	0.0467601	0.667916	0.619116	-0.331863	0.711732
0.0265405	0.0116929	0.000789499	0.862352	0.48391	-0.148931	-0.235474	0.643722	0.728131	-0.44822	0.592835	-0.669063
0.046738	0.0231874	0.007187	0.45487	0.796774	-0.3978	0.860408	-0.508436	-0.0345264	0.229766	0.326565	0.916822
0.0241607	0.0113445	0.00767095	0.330242	-0.361106	0.872091	0.918015	-0.0919997	-0.385726	0.21952	0.927975	0.301119
0.00933073	0.00823268	0.00479817	0.283656	0.761782	-0.582432	-0.774434	0.540171	0.329344	0.565502	0.357635	0.743172
0.0438895	0.0113633	0.00471747	-0.365044	0.684666	-0.630853	0.918905	0.373804	-0.126035	-0.149523	0.625702	0.765597
0.0211384	0.0111996	0.00581058	0.544718	0.834782	-0.0801346	0.196853	-0.034394	0.979829	0.815187	-0.549506	-0.183065
0.0518204	0.0100228	0.00690547	0.768929	0.418485	0.483341	-0.597401	0.201012	0.776342	-0.22773	0.8857	-0.404567
0.0170079	0.00678378	0.0036223	0.538613	0.488593	0.686421	0.0397606	-0.828523	0.558542	0.841615	-0.273545	-0.46568
0.00755087	0.00302735	0.00244837	-0.592677	-0.313958	0.741731	0.655447	0.347209	0.670698	-0.468106	0.883672	0
0.029337	0.0158679	0.00413608	0.726526	-0.322953	-0.606516	0.146966	-0.78921	0.596279	0.671238	0.522349	0.525918
0.0166002	0.00877119	0.00312193	-0.492775	0.858764	-0.140343	0.868985	0.494036	-0.0281686	-0.0451444	0.135837	0.989702
0.025484	0.0141201	0.000650715	0.793234	0.269439	-0.546061	-0.182941	0.960797	0.20833	0.580786	-0.0653577	0.811428
0.0170257	0.00900127	0.00337787	0.268833	0.662224	0.69942	-0.435904	-0.563884	0.701443	0.858904	-0.493451	0.137075
0.0154635	0.00949479	0.00464418	0.0083533	0.910619	-0.413163	-0.817993	0.243877	0.520972	0.575168	0.333612	0.746917
0.0195137	0.00768505	0.00467354	0.795071	0.60173	0.0760443	-0.0606362	-0.0458911	0.997104	-0.603478	0.79738	0
0.0620403	0.0165729	0.00195127	-0.041303	0.791736	-0.609466	0.99361	-0.0315809	-0.108362	0.105041	0.610047	0.785372
0.00967451	0.00711083	0.00175489	0.548072	0.818076	0.174262	0.742648	-0.571796	0.348601	-0.384825	0.0616427	0.920929
0.0053129	0.00492	0.00273714	0.872181	-0.486528	-0.0508902	0.403404	0.656497	0.637398	-0.276703	-0.576456	0.768852
0.0118449	0.00333223	0.00116016	0.304688	0.721685	0.621559	-0.866593	-0.0607218	0.495307	0.395198	-0.689553	0.606907
0.00529523	0.00336441	0.00277997	-0.299683	0.831422	-0.467898	-0.785706	0.0631075	0.615373	0.541162	0.552047	0.634341
0.0446767	0.00781043	0.00269889	0.785112	0.527444	0.324657	-0.615613	0.607036	0.502522	0.067973	-0.594399	0.801293
0.0592112	0.0295527	0.00691	0.112162	-0.248878	0.962018	0.175182	0.957917	0.227392	0.978126	-0.143023	-0.151041
0.0557613	0.00380578	0.00247067	-0.00607629	0.753023	-0.657966	0.76467	0.427504	0.482204	-0.644394	0.500196	0.578412
0.00958662	0.00825688	0.00463295	-0.56115	0.541514	0.625998	-0.113852	-0.799606	0.589634	0.819847	0.259602	0.510351
0.067209	0.033576	0.0149912	0.10801	0.663723	0.740139	0.352018	0.670726	-0.652848	0.92974	-0.331056	0.161198
0.00819873	0.00371623	0.00188832	0.117741	0.985457	-0.122522	-0.153822	0.13999	0.978132	0.981059	-0.0963192	0.168068
0.0114305	0.00318213	0.00205301	0.881945	0.420074	0.213803	-0.386175	0.90404	-0.183249	-0.270265	0.0790498	0.959535
0.0070216	0.00447405	0.00244449	-0.52938	0.801691	0.277575	-0.242736	-0.45663	0.855902	0.812918	0.38572	0.436331
0.0307871	0.012653	0.00608149	-0.104928	-0.57776	0.809434	0.906847	0.278492	0.316338	0.408188	-0.767226	-0.494718
0.15721	0.0323661	0.00227094	0.476638	-0.534039	-0.698297	0.840596	0.509376	0.184211	0.25732	-0.674788	0.691699
0.00725513	0.00319913	0.00212494	0.522901	0.759297	-0.387353	0.707585	-0.640047	-0.29944	0.475288	0.117508	0.871948
0.0128177	0.00597829	0.00059574	0.68569	0.164593	-0.70904	0.405044	0.723073	0.559557	-0.604787	0.670875	-0.429137
0.0527655	0.00705835	0.00495065	0.519504	0.165882	0.838212	0.798493	0.254966	-0.545345	-0.304178	0.952615	0
0.00961653	0.00552467	0.00372015	0.582489	-0.0521025	0.811167	0.335827	0.924215	-0.181789	0.740221	-0.378302	-0.555842
0.0146831	0.0101541	0.00357266	0.360779	0.886783	-0.288885	0.315431	0.175476	0.932583	0.877692	-0.427579	-0.216411
0.0107221	0.0085064	0.00618465	0.302986	-0.351694	0.885726	-0.450602	0.766089	0.45833	0.839737	0.537977	-0.0736405
0.0516227	0.00656219	0.00210151	0.528687	0.554384	0.642767	0.180078	-0.813268	0.553323	0.829495	-0.176787	-0.529797
0.0119495	0.00662339	0.00425124	0.962121	-0.104612	0.251754	-0.272619	-0.374626	0.886191	-0.00160731	0.921256	0.388954
0.00465866	0.00429233	0.00399264	0.995194	0.00732642	-0.0976516	0.0880777	-0.502807	0.8599	0.0427999	0.864368	0.501035
0.0239656	0.0114064	0.00309548	0.778645	-0.395822	-0.486865	0.360539	-0.35281	0.863445	0.513541	0.84785	0.132005
0.0492736	0.0106032	0.00449087	-0.387605	-0.0974672	0.916658	0.90997	-0.199426	0.363572	0.147369	0.975054	0.165991
0.0823857	0.0392314	0.00737709	0.977651	-0.184179	0.10137	0.210228	0.853552	-0.476711	0.00127531	0.487368	0.873196
0.0156787	0.00313288	0.00232047	0.343111	0.932846	-0.109881	-0.69847	0.331605	0.634176	0.628025	-0.140844	0.765342
0.016983	0.00738759	0.00482017	-0.137231	0.984961	-0.104971	-0.44469	0.0334331	0.895061	0.885109	0.16951	0.433414
0.0116781	0.00696065	0.00300696	0.202761	-0.636959	0.743755	-0.399683	0.639552	0.656679	0.893947	0.430414	0.124905
0.0157923	0.00648223	0.00319749	-0.260825	0.709389	-0.654781	-0.626828	0.39139	0.673721	0.734205	0.586158	0.342581
0.0236329	0.00955563	0.00375794	0.80046	-0.135718	0.583818	-0.521627	-0.637516	0.56699	-0.295243	0.758389	0.581101
0.035634	0.0203754	0.0187692	-0.350742	-0.353318	0.867264	0.611	0.615488	0.497849	0.70969	-0.704514	0
0.0216569	0.0137041	0.00928217	0.512221	-0.278294	0.812516	0.854068	0.264784	-0.447725	-0.090542	0.923278	0.373309
0.00787974	0.00489722	0.00232382	-0.00849944	0.850706	-0.525572	-0.696833	0.37192	0.61327	0.717183	0.371449	0.589639
0.0416616	0.00956609	0.0013383	0.0485489	0.715185	0.697247	0.914785	0.248428	-0.318515	-0.401012	0.653295	-0.64218
0.020911	0.0167262	0.0134218	0.748261	0.25642	0.611845	-0.578802	-0.198349	0.790978	-0.324181	0.945995	0
0.062095	0.0229853	0.00844754	-0.0305432	0.971096	-0.236727	-0.289246	0.218117	0.932074	0.956767	0.0969409	0.274224
0.0398706	0.0216394	0.0107674	-0.463914	0.681351	-0.566167	-0.776697	-0.0054594	0.62985	0.426058	0.731937	0.531736
0.0345092	0.00334627	0.000966151	0.718833	-0.291814	-0.630971	0.58402	0.745827	0.32041	0.377095	-0.59882	0.70655
0.00586839	0.00536424	0.00167736	-0.262693	0.964658	0.0206664	0.759657	0.219979	-0.611988	0.594906	0.145066	0.790597
0.00617185	0.00360623	0.00295334	0.795974	0.604789	-0.0256026	0.153191	-0.160339	0.975102	-0.585625	0.780078	0.220274
0.0118532	0.00923525	0.00814993	-0.186675	0.980899	0.0546697	0.752319	0.178518	-0.634151	0.631798	0.077251	0.771274
0.130571	0.0048837	0.000654208	-0.512907	0.21696	0.830575	0.777095	0.528458	0.34184	0.364759	-0.820768	0.439649
0.00972968	0.00514327	0.0031067	-0.345009	0.938457	-0.0163717	-0.536415	-0.182831	0.823912	0.770213	0.293039	0.566481
0.00921871	0.00740679	0.00451295	-0.241187	0.75831	-0.605636	-0.327491	0.523858	0.786335	0.913553	0.387994	0.121992
0.00629675	0.00438468	0.00287729	0.571162	0.389532	-0.722523	0.807837	-0.422795	0.410663	0.145513	0.818235	0.556162
0.0140053	0.00768462	0.00494654	0.760845	0.424713	0.490646	-0.532851	-0.0226575	0.845905	-0.370384	0.905044	-0.20907
0.0127313	0.00456326	0.0022211	0.82111	0.568956	-0.0454645	-0.50273	0.683214	-0.529604	-0.27026	0.45772	0.847026
0.172335	0.0370115	0.00468606	0.711494	-0.0818692	0.697906	0.261921	0.952515	-0.155284	-0.652053	0.29328	0.699152
0.0123437	0.00573947	0.00118721	0.741435	-0.501168	-0.446211	0.66757	0.61829	0.41481	0.0679984	-0.605431	0.792987
0.0419362	0.00441499	0.00140433	-0.37698	0.0630526	0.924073	0.540696	0.82502	0.164285	0.75202	-0.561574	0.345108
0.0118371	0.00465868	0.00264973	0.393989	0.914945	-0.0874584	0.0345902	0.0803274	0.996168	0.918464	-0.395505	0
0.0221647	0.0107247	0.00109732	0.105447	0.881232	0.460773	-0.69272	-0.267344	0.669825	0.713456	-0.389818	0.582256
0.0131003	0.00286711	0.00162633	-0.364339	0.920078	-0.143925	-0.696331	-0.166531	0.698133	0.618369	0.354577	0.701353
0.058569	0.00604633	0.002554	0.214777	0.926232	-0.309783	0.136166	0.285689	0.948599	0.967125	-0.245919	-0.0647618
0.00721535	0.00666399	0.00398897	-0.489426	0.853557	-0.178616	-0.39616	-0.0351578	0.917508	0.776866	0.519812	0.355352
0.0412062	0.0247274	0.00878332	0.961902	-0.208151	-0.177249	0.162175	0.95637	-0.243013	0.220099	0.205009	0.953692
0.0135984	0.00575011	0.00394102	0.808723	-0.180876	-0.559689	0.546194	-0.12216	0.828703	0.218264	0.97589	0
0.00813709	0.00426721	0.0026637	0.712131	-0.655377	0.251695	0.701047	0.682969	-0.205152	-0.0374481	0.322545	0.945813
0.0073377	0.00371815	0.00333851	0.697962	-0.556482	-0.450751	0.344529	0.812722	-0.469875	0.627812	0.172659	0.758973
0.0205746	0.00788941	0.00225879	0.135584	0.987524	-0.0800806	0.918242	-0.155603	-0.364169	0.372087	0.024158	0.927884
0.0896843	0.021264	0.00472897	0.250455	0.965062	0.0769877	0.434491	-0.183111	0.881866	0.865153	-0.187417	-0.465172
0.00603339	0.00527735	0.00352459	0.129715	0.628561	0.766867	0.154991	0.751041	-0.641806	0.979363	-0.202109	0
0.0109746	0.00932413	0.00804387	0.899246	0.424417	0.105959	-0.424671	0.788884	0.444203	0.104938	-0.444445	0.889639
0.0117346	0.00718562	0.00480135	0.225442	0.943197	-0.24404	0.852683	-0.312189	-0.41889	0.471282	0.113653	0.874629
0.00832686	0.00583541	0.00352934	-0.23674	0.870817	-0.430851	0.672485	0.466931	0.574229	0.701226	-0.153797	-0.696153
0.0433133	0.0103202	0.00199853	-0.205541	0.818487	0.536499	0.966935	0.254408	-0.0176805	0.150961	-0.515126	0.843716
0.080397	0.021644	0.00961525	0.444704	0.409455	0.796608	0.384609	0.715924	-0.582691	0.808897	-0.565508	-0.160894
0.00429595	0.00417118	0.00246973	-0.699395	0.395582	-0.595283	0.646544	0.705196	-0.290998	-0.304677	0.588399	0.748971
0.0504668	0.0205671	0.00444503	-0.279353	0.680024	0.677886	0.169811	-0.659876	0.731934	0.945053	0.319581	0.0688626
0.0111387	0.00879604	0.00756037	0.314766	0.138706	0.93898	0.836389	0.427173	-0.343477	-0.448749	0.893467	0.0184468
0.0108437	0.00669385	0.0059182	-0.344471	0.938797	0	0.425233	0.15603	0.891533	0.836969	0.307108	-0.452955
0.0195657	0.00677095	0.00537709	0.202996	-0.0805653	0.97586	0.977281	-0.0453599	-0.207037	0.0609448	0.995717	0.0695271
0.0909928	0.0398328	0.00490038	0.41688	0.907456	-0.0522969	0.614145	-0.238785	0.752202	0.670102	-0.345696	-0.656855
0.00917903	0.0053897	0.0027487	0.757663	0.576939	0.305104	-0.128784	-0.326132	0.936511	-0.639813	0.748852	0.172798
0.0185592	0.00451151	0.00221932	0.996505	0.0634529	0.0543231	-0.0124367	0.7558	-0.654684	-0.082599	0.651721	0.753948
0.00932282	0.00457977	0.00415631	-0.645032	0.745647	0.167164	0.761061	0.607194	0.228255	-0.0686967	-0.274454	0.959143
0.0619238	0.0373052	0.0149264	-0.283278	0.189968	0.940035	0.957947	0.00932025	0.286793	0.04572	0.981746	-0.184619
0.0261177	0.0121253	0.00879414	0.950928	-0.296955	0.0869102	0.290753	0.761542	-0.579237	0.105821	0.576083	0.810513
0.0675014	0.0365356	0.00386261	0.478558	0.0694691	0.875304	0.0522237	0.992849	-0.107351	0.876502	-0.0970851	-0.471508
0.0344076	0.00996504	0.00513497	-0.268062	0.776417	-0.570368	0.392508	0.628688	0.671334	0.879818	-0.0439152	-0.473277
0.0121036	0.0079868	0.00725729	-0.592873	0.761644	0.261534	-0.56975	-0.626239	0.532174	0.56911	0.166502	0.805227
0.0140068	0.00305234	0.00282346	0.703656	0.692206	-0.160369	-0.619033	0.48642	-0.616599	-0.348807	0.533148	0.77077
0.0235905	0.018192	0.0100899	0.784653	-0.25742	0.563963	0.465956	0.844934	-0.262625	-0.408907	0.468851	0.782927
0.0697451	0.00907206	0.00480101	-0.43336	0.741579	0.512112	0.258382	-0.442151	0.858919	0.863387	0.504542	0
0.0547448	0.00879574	0.00436079	-0.342337	0.864357	-0.368365	-0.890045	-0.172714	0.421888	0.30104	0.47229	0.828443
0.0353459	0.00303327	0.000745043	0.724181	-0.413436	-0.551935	0.688211	0.484236	0.54026	0.0439042	-0.771094	0.635206
